uav_name:
    id: 2
    x: -124.76823725421879
    y: -124.28670761277864
    z: 98.6
    heading: 0