uav_name:
    id: 3
    x: -125.60676274578121
    y: -124.55916106078064
    z: 98.6
    heading: 0