uav_name:
    id: 4
    x: -125.60676274578121
    y: -125.44083893921936
    z: 98.6
    heading: 0